
 (120) 

 (120) 

 (120) 

 (120) 

 (120) 

 (120) 

 (100) 

 () 

 (122) should I have stayed in tonight

 (103) You no good

 (120) 

 (132) Lazoom

 () 

 (103) You no good

 (120) 

 (130) 

 (132) 

 (134) 

 (134) 

 (134) 

 (134) 

 (134) 

 (134) 

 (120) 

 (132) Lazoom

 (120) 

 (120) 

 (132) Lazoom

 (120) 

 (132) 

 (134) 

 (134) 

 (134) 

 (132) 

 (133) 

 (133) 

 (133) 

 (135) 

 (136) 

 (135) 

 (135) 

 (135) 

 (136) 

 (135) 

 (135) 

 (135) 

 (135) 

 (135) 

 (135) 

 (135) 

 (135) 

 (135) 

 (135) 

 (135) 

 (135) 

 (135) 

 (135) 

 (135) 

 (135) 

 (135) 

 (135) 

 (135) 

 (134) we good

 (134) 

 (134) 

 (134) 

 (134) 

 (134) 

 (134) 

 (127) I feel love

 (127) 

 (127) 

 (127) 

 (127) 

 (115) heart of glass

 (115) 

 (115) 

 (116) respect

 (147) 

 (110) 

 (110) 

 (110) 
