
 (120) 

 (133) 

 (212) 

 (200) 

 (220) 

 (210) 

 (60) 

 (80) 

 (77) 

 (77) 

 (68) 

 (73) 

 (75) 

 (75) 

 (74) 

 (74) 

 (74) 

 (76) 

 (75) 

 (50) 

 (120) 

 (100) 

 (102) 

 (103) 

 (104) 

 (102) 

 (radio) radio

 (radi) radi

 (132) 

 (132) 

 (139) 

 (139) 

 (139) 

 (112) 

 (108) 

 (108) 

 (112) 

 (111) 

 (111) 

 (113) 

 (113) 

 (113) 

 (113) 

 (100) 

 (132) 

 (133) 

 (134) 

 (110) 

 (96) 

 (100) 

 (96) 

 (100) 

 (14) 

 (105) 

 (104) 

 (102) 

 (96) 

 (10) 

 (100) 

 (100) 

 (110) 

 (110) 

 (104) 

 (104) 

 (103) 

 (102) 

 (102) 

 (102) 

 (102) 

 (102) 

 (102) 

 (102) 

 (122) 

 (120) 

 (120) 

 (119) 

 (118) 

 (118) 

 (118) 
